# En este archivo estan los datos que usa la app por defecto

datos <- structure(list(Weight = c(50.5503, 61.25258, 56.24894, 65.65679, 
                                   62.83388, 73.24405, 58.51261, 60.9063, 56.73146, 67.22003, 60.3634, 
                                   75.02256, 62.80754, 60.5175, 78.42197, 73.45075, 64.05179, 65.38776, 
                                   76.63673, 55.08314, 80.88494, 88.58204, 71.54954, 48.32583, 40.44927, 
                                   74.15086, 84.90795, 58.40049, 60.76984, 70.56893, 75.76796, 71.19564, 
                                   51.64917, 62.73287, 56.2491, 73.9991, 79.95774, 55.57182, 76.37397, 
                                   66.56973, 65.86066, 71.20084, 54.67018, 70.4005, 69.4797, 66.60614, 
                                   75.68068, 56.37009, 72.16496, 67.85384, 71.6978, 70.04701, 70.3357, 
                                   54.63944, 53.3318, 42.86249, 40.68829, 55.59472, 53.09797, 75.49655, 
                                   43.54653, 51.60253, 45.47439, 71.48804, 71.06496, 65.36183, 57.63302, 
                                   71.52314, 60.2691, 76.1195, 43.15393, 74.32763, 73.74856, 64.92062, 
                                   76.22805, 64.14468, 46.66684, 57.44771, 49.5207, 49.02281, 75.89785, 
                                   66.45265, 64.021, 74.89705, 106.29634, 62.43153, 85.64085, 75.20969, 
                                   78.75479, 71.47283, 72.24819, 72.96063, 81.44395, 59.13345, 56.81112, 
                                   63.75622, 49.76463, 75.51193, 66.75562, 44.02623, 76.37441, 63.37802, 
                                   69.7395, 70.36453, 68.46488, 76.44103, 69.25948, 61.82844, 76.20195, 
                                   71.00959, 64.29619, 77.64101, 73.84479, 61.46269, 67.22959, 78.4518, 
                                   71.52198, 71.12362, 70.71162, 66.09589, 69.55674, 67.42492, 61.32901, 
                                   84.71004, 59.35111, 71.81532, 78.88253, 80.55406, 72.09338, 60.84449, 
                                   69.26214, 70.95307, 73.94863, 70.8474, 70.04736, 77.00465, 64.2028, 
                                   70.5274, 72.2358, 70.30635, 73.85537, 63.46842, 71.55005, 76.91536, 
                                   67.95931, 67.46876, 72.85655, 68.19556, 75.64152, 61.33369, 66.13137, 
                                   75.53459, 74.72881, 77.7697, 72.62453, 61.77881, 72.81865, 83.61184, 
                                   65.61744, 71.70281, 70.3708, 64.10026, 65.19349, 69.15764, 70.83526, 
                                   70.02046, 71.0855, 71.94166, 73.76781, 66.20942, 72.23653, 75.84131, 
                                   67.7486, 69.04712, 62.66672, 68.00322, 71.35661, 67.92959, 63.38161, 
                                   68.01821, 75.97187, 61.44667, 70.94835, 74.35324, 64.30971, 75.68054, 
                                   66.42512, 76.27227, 61.55411, 66.45667, 78.82515, 66.11034, 68.67467, 
                                   75.94628, 74.39378, 72.7763, 67.22345, 72.16216, 77.03907, 63.57204, 
                                   74.58805, 78.82659, 74.29897, 69.4074, 77.2088, 72.57719, 72.86812, 
                                   72.11492, 79.84081, 74.09459, 74.45922, 79.49065, 72.83807, 69.96743, 
                                   63.05169, 68.71237, 72.00973, 71.96866, 73.13164, 68.70975, 74.04752, 
                                   62.79878, 75.78519, 71.50944, 78.1028, 71.48194, 68.81004, 75.34631, 
                                   70.80994, 61.97276, 64.22399, 72.6092, 71.30278, 73.54538, 72.33739, 
                                   63.02031, 72.74572, 70.31417, 65.31908, 66.99437, 63.19804, 66.66398, 
                                   78.33904, 74.0347, 66.44705, 83.54124, 79.72041, 69.41476, 63.05741, 
                                   70.75567), Group = c("Grupo 1", "Grupo 1", "Grupo 1", "Grupo 1", 
                                                        "Grupo 1", "Grupo 1", "Grupo 1", "Grupo 1", "Grupo 1", "Grupo 1", 
                                                        "Grupo 1", "Grupo 1", "Grupo 1", "Grupo 1", "Grupo 1", "Grupo 1", 
                                                        "Grupo 1", "Grupo 1", "Grupo 1", "Grupo 1", "Grupo 1", "Grupo 1", 
                                                        "Grupo 1", "Grupo 1", "Grupo 1", "Grupo 1", "Grupo 1", "Grupo 1", 
                                                        "Grupo 1", "Grupo 1", "Grupo 1", "Grupo 1", "Grupo 1", "Grupo 1", 
                                                        "Grupo 1", "Grupo 1", "Grupo 1", "Grupo 1", "Grupo 1", "Grupo 1", 
                                                        "Grupo 1", "Grupo 1", "Grupo 1", "Grupo 1", "Grupo 1", "Grupo 1", 
                                                        "Grupo 1", "Grupo 1", "Grupo 1", "Grupo 1", "Grupo 1", "Grupo 1", 
                                                        "Grupo 1", "Grupo 1", "Grupo 1", "Grupo 1", "Grupo 1", "Grupo 1", 
                                                        "Grupo 1", "Grupo 1", "Grupo 1", "Grupo 1", "Grupo 1", "Grupo 1", 
                                                        "Grupo 1", "Grupo 1", "Grupo 1", "Grupo 1", "Grupo 1", "Grupo 1", 
                                                        "Grupo 1", "Grupo 1", "Grupo 1", "Grupo 1", "Grupo 1", "Grupo 1", 
                                                        "Grupo 1", "Grupo 1", "Grupo 1", "Grupo 1", "Grupo 1", "Grupo 1", 
                                                        "Grupo 1", "Grupo 1", "Grupo 1", "Grupo 1", "Grupo 1", "Grupo 1", 
                                                        "Grupo 1", "Grupo 1", "Grupo 1", "Grupo 1", "Grupo 1", "Grupo 1", 
                                                        "Grupo 1", "Grupo 1", "Grupo 1", "Grupo 1", "Grupo 1", "Grupo 1", 
                                                        "Grupo 2", "Grupo 2", "Grupo 2", "Grupo 2", "Grupo 2", "Grupo 2", 
                                                        "Grupo 2", "Grupo 2", "Grupo 2", "Grupo 2", "Grupo 2", "Grupo 2", 
                                                        "Grupo 2", "Grupo 2", "Grupo 2", "Grupo 2", "Grupo 2", "Grupo 2", 
                                                        "Grupo 2", "Grupo 2", "Grupo 2", "Grupo 2", "Grupo 2", "Grupo 2", 
                                                        "Grupo 2", "Grupo 2", "Grupo 2", "Grupo 2", "Grupo 2", "Grupo 2", 
                                                        "Grupo 2", "Grupo 2", "Grupo 2", "Grupo 2", "Grupo 2", "Grupo 2", 
                                                        "Grupo 2", "Grupo 2", "Grupo 2", "Grupo 2", "Grupo 2", "Grupo 2", 
                                                        "Grupo 2", "Grupo 2", "Grupo 2", "Grupo 2", "Grupo 2", "Grupo 2", 
                                                        "Grupo 2", "Grupo 2", "Grupo 2", "Grupo 2", "Grupo 2", "Grupo 2", 
                                                        "Grupo 2", "Grupo 2", "Grupo 2", "Grupo 2", "Grupo 2", "Grupo 2", 
                                                        "Grupo 2", "Grupo 2", "Grupo 2", "Grupo 2", "Grupo 2", "Grupo 2", 
                                                        "Grupo 2", "Grupo 2", "Grupo 2", "Grupo 2", "Grupo 2", "Grupo 2", 
                                                        "Grupo 2", "Grupo 2", "Grupo 2", "Grupo 2", "Grupo 2", "Grupo 2", 
                                                        "Grupo 2", "Grupo 2", "Grupo 2", "Grupo 2", "Grupo 2", "Grupo 2", 
                                                        "Grupo 2", "Grupo 2", "Grupo 2", "Grupo 2", "Grupo 2", "Grupo 2", 
                                                        "Grupo 2", "Grupo 2", "Grupo 2", "Grupo 2", "Grupo 2", "Grupo 2", 
                                                        "Grupo 2", "Grupo 2", "Grupo 2", "Grupo 2", "Grupo 2", "Grupo 2", 
